00000016
00000018
00000010
00000111
00000101
00000094
00000051
00000045
00000082
00000136
00000065
00000000
00000055
00000028
00000040
00000024
00000093
00000126
00000112
00000064
00000044
00000015
00000089
00000039
00000022
00000105
00000076
00000100
00000047
00000030
00000083
00000073
00000009
00000033
00000077
00000025
00000086
00000062
00000068
00000135
00000053
00000005
00000080
00000085
00000049
00000035
00000034
00000097
00000007
00000043
00000070
00000084
00000117
00000123
00000008
00000013
00000133
00000003
00000017
00000038
00000072
00000114
00000006
00000095
00000125
00000129
00000054
00000050
00000098
00000046
00000128
00000061
00000137
00000079
00000115
00000091
00000041
00000058
00000090
00000048
00000088
00000120
00000124
00000057
00000075
00000032
00000134
00000059
00000063
00000122
00000037
00000029
00000107
00000130
00000001
00000052
00000021
00000002
00000023
00000103
00000099
00000116
00000087
00000074
00000121
00000139
00000020
00000071
00000106
00000014
00000092
00000102
